computer 0.1 0.2 0.3 0.4 0.5
science 0.11 0.21 0.31 0.41 0.51
search 0.2 0.3 0.4 0.5 0.6
engine 0.21 0.31 0.41 0.51 0.61
data 0.3 0.4 0.5 0.6 0.7
structure 0.31 0.41 0.51 0.61 0.71
algorithm 0.4 0.5 0.6 0.7 0.8
optimization 0.41 0.51 0.61 0.71 0.81
python 0.5 0.6 0.7 0.8 0.9
coding 0.51 0.61 0.71 0.81 0.91
intelligence 0.6 0.7 0.8 0.9 1.0
artificial 0.61 0.71 0.81 0.91 1.01
machine 0.7 0.8 0.9 1.0 1.1
learning 0.71 0.81 0.91 1.01 1.11
project 0.8 0.9 1.0 1.1 1.2
veridia 0.81 0.91 1.01 1.11 1.21
core 0.9 1.0 1.1 1.2 1.3
vector 0.91 1.01 1.11 1.21 1.31
model 0.05 0.15 0.25 0.35 0.45
test 0.0 0.0 0.0 0.0 0.0
